Category: sex, Value: Male
- Precision: 0.737300435413643
- Recall: 0.26172076249356
- Fbeta: 0.38631178707224334
Category: sex, Value: Female
- Precision: 0.5631578947368421
- Recall: 0.32326283987915405
- Fbeta: 0.41074856046065256
