Category: workclass, Value: Private
- Precision: 0.6789772727272727
- Recall: 0.246900826446281
- Fbeta: 0.3621212121212121
Category: workclass, Value: Never-worked
- Precision: 1.0
- Recall: 1.0
- Fbeta: 1.0
