Category: sex, Value: Male
- Precision: 1.0
- Recall: 0.3333333333333333
- Fbeta: 0.5
Category: sex, Value: Female
- Precision: 0.3333333333333333
- Recall: 1.0
- Fbeta: 0.5
