Category: workclass, Value: Private
- Precision: 0.7716763005780347
- Recall: 0.26766917293233083
- Fbeta: 0.3974692966133234
Category: workclass, Value: Never-worked
- Precision: 0.5440414507772021
- Recall: 0.3143712574850299
- Fbeta: 0.39848197343453506
